function c = cfunc(in1,in2,in3,T)
%CFUNC
%    C = CFUNC(IN1,IN2,IN3,T)

%    This function was generated by the Symbolic Math Toolbox version 23.2.
%    07-Dec-2023 18:51:32

Q1_1 = in1(1);
Q1_2 = in1(5);
Q1_3 = in1(9);
Q1_4 = in1(13);
Q2_1 = in1(2);
Q2_2 = in1(6);
Q2_3 = in1(10);
Q2_4 = in1(14);
Q3_1 = in1(3);
Q3_2 = in1(7);
Q3_3 = in1(11);
Q3_4 = in1(15);
Q4_1 = in1(4);
Q4_2 = in1(8);
Q4_3 = in1(12);
Q4_4 = in1(16);
qdes1 = in3(1,:);
qdes2 = in3(2,:);
qdes3 = in3(3,:);
qdes4 = in3(4,:);
t2 = Q1_1.*qdes1;
t3 = Q1_2.*qdes1;
t4 = Q1_2.*qdes2;
t5 = Q1_3.*qdes1;
t6 = Q1_4.*qdes1;
t7 = Q1_3.*qdes3;
t8 = Q1_4.*qdes4;
t9 = Q2_1.*qdes1;
t10 = Q2_1.*qdes2;
t11 = Q2_2.*qdes2;
t12 = Q2_3.*qdes2;
t13 = Q2_3.*qdes3;
t14 = Q2_4.*qdes2;
t15 = Q2_4.*qdes4;
t16 = Q3_1.*qdes1;
t17 = Q3_1.*qdes3;
t18 = Q3_2.*qdes2;
t19 = Q3_2.*qdes3;
t20 = Q3_3.*qdes3;
t21 = Q3_4.*qdes3;
t22 = Q3_4.*qdes4;
t23 = Q4_1.*qdes1;
t24 = Q4_2.*qdes2;
t25 = Q4_1.*qdes4;
t26 = Q4_2.*qdes4;
t27 = Q4_3.*qdes3;
t28 = Q4_3.*qdes4;
t29 = Q4_4.*qdes4;
t30 = t2.*2.0;
t31 = t11.*2.0;
t32 = t20.*2.0;
t33 = t29.*2.0;
t34 = t2+t4+t7+t8;
t35 = t9+t11+t13+t15;
t36 = t2+t10+t17+t25;
t37 = t3+t11+t19+t26;
t38 = t5+t12+t20+t28;
t39 = t6+t14+t21+t29;
t40 = t16+t18+t20+t22;
t41 = t23+t24+t27+t29;
t42 = T.*t34.*(1.9e+1./2.0e+1);
t43 = T.*t35.*(1.9e+1./2.0e+1);
t44 = T.*t36.*(1.9e+1./2.0e+1);
t45 = T.*t37.*(1.9e+1./2.0e+1);
t46 = T.*t38.*(1.9e+1./2.0e+1);
t47 = T.*t39.*(1.9e+1./2.0e+1);
t48 = T.*t40.*(1.9e+1./2.0e+1);
t49 = T.*t41.*(1.9e+1./2.0e+1);
t58 = t4+t7+t8+t10+t17+t25+t30;
t59 = t3+t9+t13+t15+t19+t26+t31;
t60 = t5+t12+t16+t18+t22+t28+t32;
t61 = t6+t14+t21+t23+t24+t27+t33;
t50 = -t42;
t51 = -t43;
t52 = -t44;
t53 = -t45;
t54 = -t46;
t55 = -t47;
t56 = -t48;
t57 = -t49;
t62 = (T.*t58)./2.0e+1;
t63 = (T.*t59)./2.0e+1;
t64 = (T.*t60)./2.0e+1;
t65 = (T.*t61)./2.0e+1;
t66 = -t62;
t67 = -t63;
t68 = -t64;
t69 = -t65;
t70 = t50+t52+t66;
t71 = t51+t53+t67;
t72 = t54+t56+t68;
t73 = t55+t57+t69;
c = [0.0;0.0;0.0;0.0;0.0;0.0;0.0;0.0;0.0;0.0;0.0;0.0;0.0;0.0;0.0;0.0;0.0;0.0;0.0;0.0;0.0;0.0;0.0;0.0;0.0;0.0;0.0;0.0;0.0;0.0;0.0;0.0;0.0;0.0;0.0;0.0;0.0;0.0;0.0;0.0;0.0;0.0;t70;t71;t72;t73;t70;t71;t72;t73;t70;t71;t72;t73;t70;t71;t72;t73;t70;t71;t72;t73;t70;t71;t72;t73;t70;t71;t72;t73;t70;t71;t72;t73;t70;t71;t72;t73;t70;t71;t72;t73;t70;t71;t72;t73;t70;t71;t72;t73;t70;t71;t72;t73;t70;t71;t72;t73;t70;t71;t72;t73;t70;t71;t72;t73;t70;t71;t72;t73;t70;t71;t72;t73;t70;t71;t72;t73;t70;t71;t72;t73;0.0;0.0;0.0;0.0];
end
